636094623231363849 148102321 46750088 29 1612072
256204778801521551 59652324 10170648 72 141259
88686269585142076 20648882 2810135952 208 13510269
3689348814741910324 858993460 4137340 5 827468
4620984594679 1076 1293392124 3991951 324
1528574140787 356 24135884 12067942 2
3074457345618258603 715827883 108 6 18
6148914691236517206 1431655766 59322 3 19774
66355194509746589 15449523 1668 278 6
50677868334366901 11799361 3558940476 364 9777309
2635249153387078803 613566757 19201931 7 2743133
10299689600061168 2398084 10328697 1791 5767
89256135682190 20782 120696448 206672 584
1065116004025034 247992 34205025 17319 1975
6148914691236517206 1431655766 387 3 129
6148914691236517206 1431655766 29082 3 9694
273958833185457 63787 202002 67334 3
121600158692878 28313 1778985900 151700 11727
10169098166322796 2367678 711088 1814 392
279496122328932601 65075263 6989664 66 105904
1229782938247303442 286331154 21318675 15 1421245
47913620970674161 11155760 31955 385 83
6148914691236517206 1431655766 164879577 3 54959859
1798278813970516 418695 4564810 10258 445
111124964299455131 25873297 804934 166 4849
641402784204088 149339 57520 28760 2
1203702712803234 280259 10574250 15325 690
1676976733973595602 390451573 82959470 11 7541770
9223372036854775808 2147483648 307308 2 153654
417403812139874 97185 9059770 44194 205
27285943666709 6354 1352106 676053 2
768614336404564651 178956971 576 24 24
34937015291116576 8134408 39072 528 74
9859296672212481 2295547 213481100 1871 114100
138188744605 33 1334894830 133489483 10
1229782938247303442 286331154 38446395 15 2563093
1604762424855116 373638 252890 11495 22
8822942778838 2055 4181540 2090770 2
16440948372290153 3827957 2244 1122 2
2023002036926 472 63829500 9118500 7
6148914691236517206 1431655766 402 3 134
1918737681891986 446741 22919776 9614 2384
1725123358618681 401662 249072049 10693 23293
71816336034064 16722 2394448920 256860 9322
9694923416931 2258 1038886212 1902722 546
4601333019134336 1071332 1739609334 4009 433926
3192582913414599 743332 88934976 5778 15392
6094452631042 1419 12107236 3026809 4
245956587649460689 57266231 2458275 75 32777
274052444232140 63808 174402801 67311 2591
78164169803854033 18199014 125666460 236 532485
113170209041162894 26349493 489 163 3
3352125036109314 780478 82545 5503 15
1844674407370955162 429496730 540 10 54
6148914691236517206 1431655766 6 3 2
1126381699015 263 1326536352 16376992 81
408620061884405 95140 59454648 45144 1317
6148914691236517206 1431655766 1295018175 3 431672725
1418980313362273202 330382100 39273 13 3021
8924559921562 2078 1041749856 2066964 504
25166090141486428 5859437 4398 733 6
33237376709386580 7738680 492720120 555 887784
409927646082434481 95443718 311760 45 6928
34086908453031 7937 15693872 541168 29
11908808310980989 2772736 98225188 1549 63412
768838580990687 179010 112119289 23993 4673
40096061284 10 920127488 460063744 2
14022994223871 3265 2630928 1315464 2
3138268811451098 730686 64658 5878 11
9223372036854775808 2147483648 37680 2 18840
9223372036854775808 2147483648 12858 2 6429
4801338905182081 1117899 30736 3842 8
2635249153387078803 613566757 4907322 7 701046
267344117010283357 62245903 1117731 69 16199
1229782938247303442 286331154 1094160 15 72944
39059575993728 9095 8973168 472272 19
838488366986797801 195225787 10010 22 455
79511827903920482 18512791 135165984 232 582612
628102559627824 146242 2114568 29369 72
390465128669000 90913 904372749 47243 19143
78192022068 19 1415495616 235915936 6
922337203685477581 214748365 17020 20 851
179892767655614 41885 786709896 102543 7672
125488054923194229 29217465 2158548 147 14684
5453997265634 1270 16911215 3382243 5
31107494222107170 7242778 1176994702 593 1984814
6148914691236517206 1431655766 9255 3 3085
4611686018427387904 1073741824 5446596 4 1361649
558992244657865201 130150525 75537 33 2289
1844674407370955162 429496730 4090 10 409
9223372036854775808 2147483648 61700 2 30850
3702687375745 863 34873916 4981988 7
2305843009213693952 536870912 296 8 37
118248359446856101 27531842 1176739668 156 7543203
66374772680106 15455 4246309122 277918 15279
104907011946779 24426 1001403105 175839 5695
3455740740672453 804603 53380 5338 10
3734574512084 870 39515600 4939450 8
4611686018427387904 1073741824 3821868 4 955467
1103274167087892 256877 3444303280 16720 205999
6148914691236517206 1431655766 127231530 3 42410510
658812288346769701 153391690 1848 28 66
6148914691236517206 1431655766 97758 3 32586
9387656017154989 2185734 5895 1965 3
10102269481768649 2352118 511360344 1826 280044
638671331707564 148703 6325377 28883 219
70677180359040428 16455814 536094 261 2054
8500784133544 1980 41230095 2170005 19
1537228672809129302 357913942 35928156 12 2994013
102287565146830 23816 56266704 180342 312
288230376151711744 67108864 51968 64 812
3834284779403358 892739 285282678 4811 59298
3551548724241347 826910 2326912 5194 448
6148914691236517206 1431655766 63 3 21
93165374109644201 21691755 2268959418 198 11459391
1024819115206086201 238609295 6984 18 388
3047537431638783 709561 575035 6053 95
709490156681136601 165191050 1164644 26 44794
768614336404564651 178956971 48 24 2
21233662243119 4944 16506250 868750 19
101915713114417413 23729102 165253 181 913
166186883546932898 38693400 54962205 111 495155
419244183493398901 97612894 31460 44 715
9223372036854775808 2147483648 155070422 2 77535211
9450176267269238 2200291 2422432 1952 1241
21848187593 6 2532943842 844314614 3
8205847007877915 1910573 237071832 2248 105459
39416119815618701 9177281 4209192 468 8994
25131803915135629 5851455 2917759366 734 3975149
1024819115206086201 238609295 16038 18 891
39578747875801 9216 638059413 466077 1369
53769935038271 12520 2058408 343068 6
95086309658296658 22139007 388 194 2
9223372036854775808 2147483648 31591844 2 15795922
1843752531105403 429283 28784385 10005 2877
1627417865402 379 102014793 11334977 9
1537228672809129302 357913942 434198436 12 36183203
90870660461623407 21157475 623257908 203 3070236
1024819115206086201 238609295 825192 18 45844
53624256028225441 12485371 335668664 344 975781
2635249153387078803 613566757 26131679 7 3733097
71856629011 17 513431936 256715968 2
1844674407370955162 429496730 56110 10 5611
64953324203202647 15123125 782988 284 2757
35542859486916285 8275467 597662235 519 1151565
3689348814741910324 858993460 15 5 3
630076308150069 146702 471418254 29277 16102
423654036877258 98640 1175634 43542 27
1152921504606846976 268435456 48 16 3
10096740051291490 2350831 5481 1827 3
